12 0 -280 -0.056 -0.007 -0.02625
4 0 18 -0.0525 -0.029750003 -0.0175
-6 -2 8 -0.021000002 -0.00875 -0.0385
-8 -4 8 -0.042000003 -0.00875 -0.06125
-2 6 12 -0.00875 -0.03675 -0.03675
-4 2 4 -0.0175 0.0035 -0.02625
-6 4 18 -0.05075 0 -0.0525
-6 -2 6 -0.06475 -0.00175 -0.04025
-14 2 6 -0.05075 0.01925 -0.054250002
-6 -2 -4 -0.0315 0.012250001 -0.042000003
-6 0 8 -0.022750001 -0.012250001 0.00875
12 -14 -40 -0.1505 0.1295 -0.05075
-4 -2 -4 -0.03675 0.010500001 -0.17325
-6 2 18 -0.07175001 0.010500001 -0.024500001
-14 -2 16 -0.042000003 -0.01575 0.110249996
-2 12 22 0.721 -0.04725 -0.26075003
2 80 0 3.5192502 0.021000002 0.5705
-28 86 112 3.66975 0.18200001 1.3230001
-16 156 -4 2.8385 -0.06475 -0.5285
-30 252 -10 4.1615005 -0.042000003 -0.17325
-30 336 -16 4.746 -0.014 -0.24325001
2 394 -82 4.333 -0.161 -0.31675002
-52 460 174 4.33825 -0.24325001 -0.31325
-18 502 -126 0.6265 -0.02625 -0.05075
16 536 -236 0.54775 0.189 0.259
8 466 -152 -1.806 0.26425 0.48650002
-10 490 -136 -3.2165 0.04375 -0.07175001
20 448 -86 -3.626 0.273 0.56525004
-6 352 -54 -4.4415 0.03675 -0.108500004
-28 186 -48 -5.25 -0.0875 -0.29749998
16 88 -36 -6.5590005 0.029750003 0.42
-12 58 42 -2.46225 0.0052500004 0.00175
-20 28 -34 -2.37825 -0.029750003 -0.33075002
-8 0 6 -0.88199997 0.0175 -0.17150001
-6 2 0 -0.056 0.007 -0.04375
-14 6 10 -0.0035 0.0052500004 0.44450003
-6 6 4 -0.03325 -0.04025 -0.059500005
-8 0 6 -0.01575 -0.0175 -0.03325
-6 -4 6 -0.042000003 -0.028 -0.01575
-4 8 20 0.13125001 -0.012250001 -0.010500001
12 24 12 1.3807501 -0.022750001 -0.04025
18 96 54 3.7345002 -0.010500001 0.50925004
-4 140 0 4.98575 -0.007 0.0945
-16 214 -8 5.1205 -0.056 -0.06475
-2 324 -56 4.4012504 0.05075 0.103250004
-14 376 -52 3.3075001 0.06475 0.03325
28 448 -216 5.0680003 0.077 -0.01925
-22 518 -160 2.37125 0.18375 0.266
-28 550 -190 1.2162501 -0.11375 -0.2345
2 562 -164 -0.4025 0.00875 0.012250001
-10 534 -190 -2.70725 -0.01575 -0.0735
-2 476 -140 -3.3285 0.18200001 0.35175
-2 438 -56 -3.7905 0.44975 1.085
-12 318 -126 -5.11175 0.21525 0.6965
-50 256 2 -4.2105002 -0.04025 -0.18025
-16 166 -4 -3.45975 -0.06475 -0.147
-34 136 -6 -4.50275 -0.19600001 -1.1532501
-6 62 -2 -1.505 -0.00875 -0.06125
8 26 34 -2.289 -0.022750001 -0.55300003
-26 -8 48 -0.1225 -0.00175 -0.11725
-2 6 0 -0.049000002 -0.012250001 -0.045500003
-2 0 10 -0.03325 0 -0.07525
16 22 6 -0.021000002 -0.00175 -0.322
-10 -2 6 -0.028 -0.029750003 -0.0665
-8 -4 4 -0.022750001 0.012250001 -0.05075
8 -2 0 -0.022750001 -0.04025 -0.63000005
-12 -16 22 -0.0052500004 -0.035 -0.5425
14 -6 38 1.08325 1.4560001 -1.029
10 58 86 -1.386 -2.22775 0.58275
-42 -6 84 -0.14175001 -0.36400002 -0.29225
8 -14 2 -0.34125 -0.0735 -1.35625
-6 -16 8 0.39025 -0.12775001 -0.3185
-18 0 0 0.72975004 0.035 -0.44275004
8 20 -10 0.41125003 -1.0237501 0.17325
0 26 -6 -0.059500005 -0.95725006 0.2695
-34 4 -104 -0.0385 -0.06125 0.483
-28 16 -76 0.17325 4.07225 0.054250002
-40 -24 -46 0.32725 5.5405 -0.9835
184 -30 -36 1.9897501 9.1245 -1.36325
182 8 -60 0.97475004 8.07275 -1.0202501
450 44 -116 -0.43400002 6.2125 -0.54775
534 46 -130 -0.28 7.0472503 -1.0255
702 54 -228 0.266 6.3700004 -0.154
842 60 -370 0.5565 4.68125 -0.105
856 50 -422 0.27825 3.46325 -0.029750003
902 38 -450 -0.82075006 2.42025 0.32025
896 40 -460 0.04725 1.2425001 0.11375
892 28 -436 -0.58625 -3.6994998 0.47950003
788 46 -390 -0.92925006 -7.7245 0.108500004
724 52 -216 -0.79975003 -8.225 0.602
696 46 -156 -0.21350001 -8.3335 0.91175
412 38 -40 -0.75075 -9.8805 2.2120001
216 42 -52 -0.15575 -10.554251 1.7272501
2 34 -28 0.106750004 -7.9187503 1.03075
-190 46 -34 -0.14175001 -8.23375 0.43400002
-400 14 -42 -0.64925 -3.9567502 0.88199997
-540 20 -18 -0.51975006 -6.9405 1.0517501
-634 -6 -84 0.1295 -11.31725 1.3125
-762 -24 -288 0.88374996 -6.8075 0.21875
-826 -36 -414 1.617 -7.0087504 0.24675
-870 -16 -506 -0.39375 -5.6927505 1.3002499
-900 -10 -604 0.11725 -1.12 -0.83125
-924 2 -582 -0.02625 1.3002499 -0.9065
-932 14 -516 -0.25725 5.964 -1.6502501
-960 -52 -328 2.1875 8.818251 0.049000002
-732 70 -288 0.357 4.032 -1.12525
-564 98 -322 0.32025 8.9845 -1.8514999
-408 102 -184 -0.1505 8.96875 -2.15775
-286 138 58 -0.82600003 6.3822503 -1.113
-124 98 -52 -0.39900002 6.125 -0.75075
0 110 12 -0.25025 4.7355 -0.06825
34 108 30 -0.3675 1.16725 -0.06475
38 96 4 -0.3675 -0.73850006 0.1785
20 86 -50 -0.3115 -1.1060001 -0.17150001
12 70 -18 -0.5145 -0.19775 -0.406
56 24 -86 -0.96075004 0.28525 -1.45075
-24 12 40 -1.82 -0.7 -0.40425
-18 -6 42 -1.8795 -0.301 -0.46725002
26 -52 42 0.17150001 -0.0945 -0.04025
38 -46 38 0.23099999 -0.53025 -0.0315
-28 -18 12 0.77 -0.28175002 -0.42
16 -16 30 0.8085 0.24675 -0.5285
2 0 10 0.9065 0.791 -0.25550002
-14 0 22 -0.31500003 0.056 -0.13475
-20 -6 -18 -0.38325 0.54775 -0.012250001
-8 0 6 0.23275001 -0.49525 -0.15225
18 24 8 -0.07 -0.042000003 -0.85050005
-24 -6 -16 0.0052500004 -0.007 0.33600003
-32 6 10 1.9565 0.014 -0.203
12 34 62 4.4135 1.288 0.39025
-16 126 -12 6.07775 0.0035 0.4025
6 262 -10 6.5590005 -0.124249995 -0.010500001
18 380 -86 4.844 0.06125 -0.2275
56 484 -168 4.4257503 -1.05525 0.39025
-28 502 -184 1.19175 -0.23099999 -0.3745
12 510 -128 -1.0745 0.056 0.36400002
4 500 -130 -1.3457501 0.0315 0.0805
-4 468 -136 -3.0975 -0.00175 -0.04375
2 400 -82 -4.1265 0.012250001 0.0875
-12 320 -38 -3.752 0.01575 -0.124249995
-4 322 -24 -3.3810003 -0.03675 -0.0805
-34 208 -18 -3.7467499 -0.06125 -0.23099999
18 132 20 -2.1525 0 0.13125001
4 86 -4 -1.7850001 -0.07 -0.62825
-34 34 -2 -1.97925 -0.04375 -0.58100003
12 30 20 -1.21275 0.028 -0.07875001
-6 10 2 -0.99399996 -0.042000003 -0.01925
0 2 38 -0.0945 0.0175 -0.01575
0 -8 12 -0.04025 -0.012250001 -0.0525
0 -2 4 -0.0525 -0.0035 -0.054250002
-4 -2 8 -0.042000003 -0.028 0.0175
-6 0 0 -0.0385 -0.07525 -0.098000005
-20 2 10 0.028 0.00875 0.04725
-28 16 0 1.0237501 0.3325 0.0385
-4 22 26 2.464 0.0175 -0.22575
40 72 42 3.47025 0.024500001 0.91525
12 122 -16 4.3645 0.23099999 1.463
6 212 -44 4.4275002 0.15925 0.8715
0 302 -42 4.5045004 -0.14 -0.51625
-18 390 -58 5.10125 -0.3675 -0.7035
20 466 -94 3.8517501 -0.49175 -0.57750005
10 522 -144 1.218 -0.112 0.5845
-34 534 -130 -0.06475 -0.1225 0.52325004
-16 488 -104 -0.70525 -0.27475 0.14
-16 488 -120 -2.4745002 0.54074997 -0.42350003
-20 424 -94 -3.81675 0.099750005 -0.9537501
-18 252 -98 -4.9385 -0.0805 -0.3395
-44 308 -34 -5.34975 -0.04025 -0.34475002
-18 172 -4 -4.44325 0.045500003 -0.19950001
-20 118 -10 -2.23825 -0.03675 -0.308
-10 74 -18 -2.4675 -0.06125 -0.5075
4 38 56 -0.966 -0.014 -0.1785
-26 52 8 -1.8795 -0.05075 -0.602
-16 6 12 -0.0525 -0.00175 -0.012250001
-32 -20 12 -0.0315 0.01925 -0.0035
-2 4 8 -0.03325 0.00175 -0.06125
-14 6 4 -0.05075 -0.014 -0.007
2 -4 6 -0.06825 -0.007 -0.021000002
-4 0 4 -0.049000002 -0.012250001 -0.06125
0 4 18 -0.04725 0.010500001 -0.0735
-10 0 4 -0.03675 -0.014 -0.028
-2 2 4 -0.010500001 -0.0175 -0.035
-8 -2 2 -0.06125 -0.0175 -0.029750003
-2 2 0 -0.03675 -0.04025 -0.007
-10 2 8 0.04025 -0.035 -0.077
-4 2 18 0 -0.022750001 -0.0875
-2 2 -2 0.0735 -0.01575 -0.099750005
